IRIS dataset

Dissimilarity Classifier
[[45  0  0]
 [ 0 32 13]
 [ 0  1 44]]
QDA Classifier
[[45  0  0]
 [ 0 28 17]
 [ 0  2 43]]
cf: [3. 3. 3.]
gamma: [10, 10, 10]
Likelihood: [331789557236990.6, 3955333095897.106, 1444381824.2629616]
Accuracy: 0.8962962962962964
Precision: [1.         0.96969697 0.77192982]
Recall: [1.         0.71111111 0.97777778]
QDA Accuracy: 0.8592592592592593
QDA Precision: [1.         0.93333333 0.71666667]
QDA Recall: [1.         0.62222222 0.95555556]

validation is 90% of data

---------------------------------------

DIGITS dataset

Dissimilarity Classifier
[[141   0   0   0   1   0   0   0   0   0]
 [  0 134   1   0   0   0   1   0  10   0]
 [  0   1 139   1   0   0   0   0   1   0]
 [  0   0   0 141   0   0   0   0   4   1]
 [  0   0   0   0 140   0   0   3   0   2]
 [  0   0   0   2   0 142   0   0   0   2]
 [  0   0   0   0   0   0 142   0   3   0]
 [  0   0   0   4   0   0   0 135   4   0]
 [  0   6   0   2   0   0   0   0 130   1]
 [  0   0   0   2   0   1   0   7   2 132]]
QDA Classifier
[[141   0   0   0   1   0   0   0   0   0]
 [  0 132   1   1   0   1   0   0  10   1]
 [  0   1 138   2   0   0   0   0   1   0]
 [  0   0   0 143   0   1   0   0   2   0]
 [  0   0   0   0 139   0   0   4   0   2]
 [  0   0   0   0   0 143   0   0   1   2]
 [  0   0   0   0   0   0 141   0   4   0]
 [  0   0   0   4   0   0   0 134   4   1]
 [  0   6   0   3   0   0   0   0 129   1]
 [  0   0   0   3   0   2   0   6   4 129]]
cf: [16. 16. 16. 16. 16. 16. 16. 16. 16. 16.]
gamma: [1.1, 1.1, 1.1, 1.1, 1.1, 1.1, 1.1, 1.1, 1.1, 1.1]
Likelihood: [0.0, 0.0, 0.0, 0.0, 0.0, 0.0, 0.0, 0.0, 0.0, 0.0]
Accuracy: 0.9568797364967795
Precision: [1.         0.94813337 0.99305148 0.92616566 0.99275905 0.99291056
 0.99305456 0.93161266 0.84966115 0.95665288]
Recall: [0.99295775 0.91780822 0.97887324 0.96575342 0.96551724 0.97260274
 0.97931034 0.94405594 0.9352518  0.91666667]
QDA Accuracy: 0.951979073813623
QDA Precision: [1.         0.94738886 0.99300148 0.9147141  0.99270734 0.97260533
 1.         0.93118177 0.83799268 0.94861259]
QDA Recall: [0.99295775 0.90410959 0.97183099 0.97945205 0.95862069 0.97945205
 0.97241379 0.93706294 0.92805755 0.89583333]

validation is 80% of data

---------------------------------------

WINE dataset

[[30  5  0]
 [ 0 41  2]
 [ 0  0 29]]
QDA Classifier
[[30  5  0]
 [ 0 43  0]
 [ 0  7 22]]
cf: [4. 5. 9.]
gamma: [0.5, 0.75, 1.5]
Likelihood: [1.285237965437384e-87, 2.761090862494429e-133, 4.392647797992044e-44]
Accuracy: 0.9368770764119602
Precision: [1.         0.86969697 0.95555556]
Recall: [0.85714286 0.95348837 1.        ]
QDA Accuracy: 0.8719211822660098
QDA Precision: [1.         0.72241993 1.        ]
QDA Recall: [0.85714286 1.         0.75862069]

validation is 60% of data

-------------------------------------------

B_C dataset

Dissimilarity Classifier
[[117  10]
 [  6 209]]
QDA Classifier
[[114  13]
 [  7 208]]
C:\Users\jaime\Desktop\IRNAS\.venv\lib\site-packages\numpy\core\fromnumeric.py:86: RuntimeWarning: overflow encountered in reduce
  return ufunc.reduce(obj, axis, dtype, out, **passkwargs)
cf: [8. 8.]
gamma: [0.3, 0.3]
Likelihood: [inf, inf]
Accuracy: 0.9466764328877495
Precision: [0.97059845 0.92506883]
Recall: [0.92125984 0.97209302]
QDA Accuracy: 0.9325398278703534
QDA Precision: [0.96499862 0.90431687]
QDA Recall: [0.8976378  0.96744186]

validation is 60% of data

----------------------------------------------

